px	py	v	yaw_angle	yaw_rate	px_measured	py_measured	px_true	py_true	vx_true	vy_true	NIS
0.0939	2.5078	0	0	0	0.0939	2.5078	0	2.75	0	1	0
-0.000931289	2.79536	0.14611	-6.37131e-17	-2.14092e-17	-0.0149674	2.93266	-0.022	3.0991	-0.1097	0.994	4.59242
0.0608367	3.37547	0.225748	0.19313	0.101513	0.0673	3.4795	-0.0938	3.4924	-0.2334	0.9724	3.17426
0.102388	3.55086	0.406785	1.81949	1.3675	0.0246272	3.97442	-0.2143	3.8735	-0.3535	0.9354	16.0841
-0.107521	3.94217	0.819626	2.94205	1.63477	-0.2509	4.0768	-0.3817	4.2365	-0.4679	0.8838	5.05992
-0.313156	4.11632	0.99421	2.41212	1.44785	-0.370103	4.18035	-0.5932	4.5757	-0.575	0.8181	1.8357
-0.997904	4.78171	1.5893	2.11547	1.57812	-1.0651	4.8849	-0.8456	4.8857	-0.673	0.7396	4.92392
-1.32436	4.98613	1.37136	2.87608	1.78855	-1.33078	5.041	-1.1348	5.1616	-0.7604	0.6494	0.373277
-1.47979	5.34989	0.844412	2.90412	1.17818	-1.3867	5.4782	-1.4564	5.3991	-0.8358	0.549	4.98837
-1.70979	5.5009	0.775147	2.94044	0.719016	-1.74759	5.73463	-1.8051	5.5945	-0.898	0.4399	1.06892
-2.02673	5.58951	0.845042	3.07646	0.604533	-2.0405	5.621	-2.1756	5.7445	-0.9461	0.3239	0.195143
-2.35667	5.52846	0.914643	3.35438	0.606341	-2.32952	5.38917	-2.562	5.847	-0.9792	0.2028	0.393086
-2.79043	5.85178	0.925365	2.913	0.209261	-2.8469	6.0107	-2.9582	5.9002	-0.9969	0.0785	4.69328
-3.24765	5.89134	1.12225	3.03447	0.227304	-3.31503	5.85887	-3.3579	5.9033	-0.9989	-0.0471	0.403497
-4.01885	5.95469	1.60526	3.13377	0.258126	-4.1488	5.9997	-3.7549	5.8563	-0.9851	-0.1719	2.97706
-4.37514	5.84943	1.30141	3.25522	0.203544	-3.90741	5.40663	-4.1429	5.76	-0.9558	-0.294	6.65017
-4.71699	5.50071	1.13987	3.57652	0.351788	-4.6343	5.3973	-4.5157	5.6157	-0.9114	-0.4115	2.51763
-4.96265	5.18027	0.989919	3.95128	0.573398	-4.77164	5.01232	-4.8675	5.4259	-0.8526	-0.5225	1.4723
-5.02637	5.22977	0.486393	3.95538	0.424222	-4.9989	5.3415	-5.1927	5.1935	-0.7804	-0.6252	2.56032
-5.29896	4.81502	0.923454	4.17153	0.413553	-5.17984	4.38148	-5.4863	4.9222	-0.6959	-0.7181	5.25899
-5.67433	4.53659	1.06207	4.00914	0.191399	-5.7491	4.5573	-5.7435	4.6162	-0.6004	-0.7997	1.02218
-5.9154	4.20239	1.09322	4.14793	0.264491	-6.01495	4.24701	-5.9603	4.2804	-0.4955	-0.8686	0.232075
-6.10622	3.86086	1.05489	4.2495	0.261869	-6.1029	3.8675	-6.1333	3.92	-0.3827	-0.9239	0.0116192
-6.37722	3.33555	1.32013	4.21158	0.0696558	-6.22586	3.08842	-6.2599	3.5408	-0.2639	-0.9646	2.4946
-6.26027	2.72325	1.27645	4.67042	0.355004	-6.1403	2.6599	-6.3378	3.1487	-0.1409	-0.99	3.18923
-6.24592	2.39056	1.13633	4.91032	0.546256	-6.6699	2.69342	-6.3661	2.75	-0.0157	-0.9999	4.82372
-6.22726	2.02	1.05454	5.03002	0.488047	-6.2763	2.0407	-6.3441	2.3509	0.1097	-0.994	0.396667
-6.01634	1.95306	0.566773	5.38822	0.580605	-5.80958	2.0681	-6.2723	1.9576	0.2334	-0.9724	2.97274
-6.1046	1.67126	0.563332	5.22528	0.329729	-6.2546	1.6038	-6.1518	1.5765	0.3535	-0.9355	3.11624
-6.00363	1.4129	0.779065	5.30277	0.323523	-6.26559	1.42279	-5.9844	1.2135	0.4679	-0.8838	1.44741
-5.75671	0.785183	1.28833	5.08322	0.0852552	-5.7088	0.642	-5.7729	0.8743	0.575	-0.8182	3.72667
-5.64703	0.344222	1.27363	5.05027	0.0620946	-5.80413	0.693339	-5.5205	0.5643	0.673	-0.7396	1.38065
-5.32835	0.240877	0.942196	5.38652	0.236244	-5.2726	0.2831	-5.2312	0.2884	0.7604	-0.6495	1.32759
-5.00433	-0.06873	1.17197	5.61295	0.383629	-5.07349	0.0456251	-4.9097	0.0509	0.8358	-0.549	1.70621
-4.60098	-0.240806	1.15311	5.89991	0.47461	-4.5746	-0.2276	-4.5609	-0.1444	0.898	-0.44	0.164484
-4.14987	-0.294638	1.17453	6.20722	0.565395	-4.10567	-0.275462	-4.1904	-0.2945	0.9461	-0.3239	0.157435
-3.95138	-0.553622	0.934565	5.99158	0.2561	-4.0577	-0.6567	-3.804	-0.397	0.9792	-0.2028	3.36265
-3.64038	-0.322565	0.850506	6.59643	0.636561	-3.70925	-0.259299	-3.4079	-0.4502	0.9969	-0.0785	2.49643
-3.09129	-0.169797	1.18022	6.77571	0.545749	-2.9691	-0.1715	-3.0081	-0.4533	0.9989	0.0471	2.05626
-2.71635	-0.130049	1.13259	6.5895	0.155427	-3.02371	-0.425468	-2.6112	-0.4063	0.9851	0.1719	3.18104
-2.24182	-0.235051	0.970208	6.27131	-0.109284	-2.1292	-0.2581	-2.2232	-0.31	0.9558	0.294	1.42658
-1.74523	-0.154041	1.2833	6.33389	-0.0415165	-1.63557	-0.0834745	-1.8504	-0.1657	0.9114	0.4115	1.99582
-1.40003	-0.0171699	1.09005	6.4316	0.0286529	-1.4735	0.0036	-1.4986	0.0241	0.8527	0.5225	0.824976
-1.03081	0.0297629	0.988537	6.43519	0.0251521	-1.06667	0.216884	-1.1734	0.2565	0.7804	0.6252	0.922798
-0.63039	0.533514	1.11092	6.95599	0.381971	-0.6303	0.6168	-0.8798	0.5278	0.6959	0.7181	1.92768
-0.496479	0.73263	0.79215	7.12394	0.391545	-0.533104	0.785958	-0.6226	0.8338	0.6004	0.7997	0.820835
-0.426722	1.21075	0.901573	7.59106	0.571222	-0.4786	1.337	-0.4058	1.1697	0.4955	0.8686	2.45352
-0.255786	1.69368	1.14248	7.6725	0.439755	-0.288031	2.05128	-0.2327	1.53	0.3827	0.9239	2.29579
-0.121496	1.95846	0.965301	7.65832	0.308684	-0.0778	1.8903	-0.1062	1.9092	0.2639	0.9645	0.997796
-0.0484968	2.36498	1.20817	7.7753	0.316954	-0.0419962	2.14199	-0.0282	2.3013	0.1409	0.99	1.4443
0.163183	2.91581	1.32706	7.53455	-0.0330107	0.335	2.9623	0	2.7	0.0157	0.9999	3.16383
0.0682344	3.35421	1.14979	7.85606	0.245562	0.0310733	3.23795	0.011	3.0997	0.0785	0.9969	1.42606
0.101829	3.54392	0.83516	7.85804	0.17579	0.145	3.428	0.0704	3.4949	0.2028	0.9792	2.09515
0.161654	3.90824	1.07968	7.80197	0.0707734	0.174391	3.67667	0.1789	3.8797	0.324	0.9461	1.65116
0.359556	4.2532	1.00365	7.52117	-0.182031	0.4528	4.2254	0.3348	4.2478	0.44	0.898	1.26065
0.640791	4.56764	1.07949	7.22224	-0.349988	0.669454	4.38803	0.5356	4.5934	0.5491	0.8358	1.09295
0.818721	4.8192	0.948627	7.16529	-0.288832	0.7789	4.7913	0.7781	4.9112	0.6495	0.7604	0.333624
1.0864	5.09866	0.98233	7.03069	-0.305457	1.11004	5.16496	1.0585	5.1961	0.7397	0.673	0.0731007
1.31252	5.30845	0.897405	6.96506	-0.261771	1.2863	5.2988	1.3724	5.4436	0.8182	0.575	0.118263
1.63035	5.43615	0.709484	6.64609	-0.473229	1.75141	5.71244	1.7149	5.6497	0.8838	0.4679	2.44995
2.06592	5.78042	1.07824	6.68774	-0.325702	2.1421	5.9278	2.0805	5.8114	0.9355	0.3534	3.68362
2.36627	5.96839	1.01107	6.69652	-0.2206	2.31799	5.98704	2.4635	5.9259	0.9724	0.2334	0.220021
2.66844	6.10512	0.941217	6.65954	-0.184124	2.6508	6.1066	2.8578	5.9915	0.994	0.1097	0.0604573
3.31654	6.14211	1.20645	6.21635	-0.516522	3.75493	6.40869	3.2572	6.0072	0.9999	-0.0157	6.39218
3.58879	5.9019	0.977887	5.8432	-0.637077	3.5095	5.844	3.6555	5.9727	0.99	-0.1409	1.41181
3.93848	5.82677	0.987662	5.66543	-0.667083	4.21296	6.35664	4.0463	5.8886	0.9646	-0.2639	5.34053
4.23617	5.84207	0.796876	5.69454	-0.481864	4.2604	5.9533	4.4234	5.7562	0.9239	-0.3827	1.93487
4.69953	5.67647	1.00559	5.94137	-0.0360418	4.71825	5.46502	4.781	5.5775	0.8686	-0.4955	4.30391
5.09591	5.43354	1.12009	5.81057	-0.11424	5.1023	5.3917	5.1134	5.3554	0.7997	-0.6004	0.303651
5.38211	5.22123	1.01279	5.68699	-0.176597	5.29623	5.19448	5.4153	5.0934	0.7181	-0.6959	0.233151
5.71388	4.78202	1.19532	5.42192	-0.298616	5.7057	4.7199	5.682	4.7956	0.6252	-0.7804	0.721662
5.69277	4.60296	0.674662	5.28983	-0.236335	5.09199	4.41671	5.9093	4.4668	0.5225	-0.8527	8.0001
5.92385	4.16782	0.98963	5.14418	-0.262011	5.939	4.1052	6.0936	4.1121	0.4115	-0.9114	0.836506
5.99749	3.62801	1.20671	4.82068	-0.416626	5.74125	3.36853	6.2319	3.737	0.294	-0.9558	2.46302
6.08194	3.44693	0.841277	4.79023	-0.340222	6.1215	3.536	6.3222	3.3476	0.1719	-0.9851	1.64302
6.16611	2.83111	1.25449	4.78847	-0.208914	6.05288	2.54201	6.3629	2.95	0.0471	-0.9989	3.53325
6.23557	2.3951	1.21195	4.75625	-0.1752	6.2495	2.4093	6.3535	2.5503	-0.0785	-0.9969	0.0657271
6.02227	2.27954	0.746825	4.30026	-0.554761	6.14173	2.57788	6.2941	2.155	-0.2028	-0.9792	5.50983
6.07967	1.86325	0.916134	4.36338	-0.381353	6.2042	1.7983	6.1856	1.7703	-0.3239	-0.9461	2.42483
5.73322	1.35878	1.42411	3.94083	-0.63862	5.55596	1.27689	6.0297	1.4022	-0.44	-0.898	2.69681
5.7767	1.03903	1.01076	4.08428	-0.393752	5.9627	1.0775	5.8289	1.0565	-0.549	-0.8358	5.37458
5.52182	0.668211	1.07194	4.00689	-0.321618	5.42037	0.618966	5.5864	0.7388	-0.6495	-0.7604	0.352943
5.34652	0.289538	1.07749	4.04996	-0.199918	5.3865	0.2643	5.306	0.4539	-0.7396	-0.673	0.368561
4.96155	0.271562	0.904075	3.52125	-0.56241	4.87908	0.366128	4.992	0.2064	-0.8182	-0.575	2.35315
4.66265	0.113707	0.916743	3.39275	-0.495722	4.6798	0.0846	4.6496	0.0002	-0.8838	-0.4679	0.148003
4.23265	-0.121535	1.2587	3.44437	-0.319152	4.3323	-0.171649	4.284	-0.1614	-0.9354	-0.3535	1.46659
3.92401	-0.346372	1.1218	3.53337	-0.159968	3.9809	-0.3785	3.901	-0.2759	-0.9724	-0.2334	0.730601
3.39431	-0.386437	1.14956	3.29427	-0.268103	2.94668	-0.324554	3.5067	-0.3416	-0.994	-0.1097	3.26811
3.04497	-0.440621	1.0413	3.20914	-0.260443	3.0839	-0.4422	3.1072	-0.3573	-0.9999	0.0157	0.220654
2.67515	-0.290754	1.0258	2.8613	-0.458048	2.74796	-0.280157	2.709	-0.3228	-0.99	0.1409	0.632151
2.40029	-0.187859	0.902795	2.71619	-0.434605	2.4402	-0.2113	2.3182	-0.2386	-0.9646	0.2639	0.298929
2.18708	-0.0828397	0.709983	2.57573	-0.416344	2.27124	-0.0943107	1.941	-0.1062	-0.9239	0.3827	0.313477
1.83998	0.194968	0.99878	2.30194	-0.526433	1.7974	0.3236	1.5835	0.0725	-0.8686	0.4955	1.70245
1.50631	0.313334	0.872229	2.47536	-0.222014	1.22059	0.264884	1.2511	0.2946	-0.7997	0.6004	2.01368
0.990057	0.473537	1.0936	2.68161	-0.0470675	0.8725	0.4495	0.9492	0.5566	-0.7181	0.6959	2.05439
0.569288	0.775296	1.30307	2.58788	-0.0696339	0.733998	1.0473	0.6825	0.8543	-0.6252	0.7804	1.51374
0.392373	1.18291	1.0427	2.26573	-0.25968	0.5267	1.1895	0.4552	1.1832	-0.5225	0.8526	2.31245
0.236414	1.59881	0.995459	2.03008	-0.326977	0.303621	1.99816	0.2709	1.5379	-0.4115	0.9114	2.35421
0.205515	2.02308	0.922372	1.63055	-0.559011	0.3405	2.0384	0.1326	1.9129	-0.294	0.9558	1.56549
0.0748628	2.31142	0.973156	1.68128	-0.354282	0.0578163	1.99336	0.0423	2.3024	-0.1719	0.9851	2.0889
0.124972	2.83505	1.14892	1.41855	-0.447808	0.1674	2.8965	0.0016	2.7	-0.0471	0.9989	0.768651
