L	0.0939	2.5078	1477010443000000	0.0000	2.7500	0.0000	1.0000
R	2.9327	1.5759	0.9414	1477010443400000	-0.0220	3.0991	-0.1097	0.9940
L	0.0673	3.4795	1477010443800000	-0.0938	3.4924	-0.2334	0.9724
R	3.9745	1.5646	1.2618	1477010444200000	-0.2143	3.8735	-0.3535	0.9354
L	-0.2509	4.0768	1477010444600000	-0.3817	4.2365	-0.4679	0.8838
R	4.1967	1.6591	0.5082	1477010445000000	-0.5932	4.5757	-0.5750	0.8181
L	-1.0651	4.8849	1477010445400000	-0.8456	4.8857	-0.6730	0.7396
R	5.2137	1.8289	0.4153	1477010445800000	-1.1348	5.1616	-0.7604	0.6494
L	-1.3867	5.4782	1477010446200000	-1.4564	5.3991	-0.8358	0.5490
R	5.9950	1.8666	0.2730	1477010446600000	-1.8051	5.5945	-0.8980	0.4399
L	-2.0405	5.6210	1477010447000000	-2.1756	5.7445	-0.9461	0.3239
R	5.8711	1.9788	0.2141	1477010447400000	-2.5620	5.8470	-0.9792	0.2028
L	-2.8469	6.0107	1477010447800000	-2.9582	5.9002	-0.9969	0.0785
R	6.7317	2.0857	0.6414	1477010448200000	-3.3579	5.9033	-0.9989	-0.0471
L	-4.1488	5.9997	1477010448600000	-3.7549	5.8563	-0.9851	-0.1719
R	6.6708	2.1966	0.7587	1477010449000000	-4.1429	5.7600	-0.9558	-0.2940
L	-4.6343	5.3973	1477010449400000	-4.5157	5.6157	-0.9114	-0.4115
R	6.9204	2.3316	-0.1385	1477010449800000	-4.8675	5.4259	-0.8526	-0.5225
L	-4.9989	5.3415	1477010450200000	-5.1927	5.1935	-0.7804	-0.6252
R	6.7844	2.4395	0.0458	1477010450600000	-5.4863	4.9222	-0.6959	-0.7181
L	-5.7491	4.5573	1477010451000000	-5.7435	4.6162	-0.6004	-0.7997
R	7.3632	2.5268	-0.1173	1477010451400000	-5.9603	4.2804	-0.4955	-0.8686
L	-6.1029	3.8675	1477010451800000	-6.1333	3.9200	-0.3827	-0.9239
R	6.9498	2.6811	0.1930	1477010452200000	-6.2599	3.5408	-0.2639	-0.9646
L	-6.1403	2.6599	1477010452600000	-6.3378	3.1487	-0.1409	-0.9900
R	7.1932	2.7578	-0.8215	1477010453000000	-6.3661	2.7500	-0.0157	-0.9999
L	-6.2763	2.0407	1477010453400000	-6.3441	2.3509	0.1097	-0.9940
R	6.1667	2.7996	-0.3638	1477010453800000	-6.2723	1.9576	0.2334	-0.9724
L	-6.2546	1.6038	1477010454200000	-6.1518	1.5765	0.3535	-0.9355
R	6.4251	2.9183	-0.6870	1477010454600000	-5.9844	1.2135	0.4679	-0.8838
L	-5.7088	0.6420	1477010455000000	-5.7729	0.8743	0.5750	-0.8182
R	5.8454	3.0227	-0.4643	1477010455400000	-5.5205	0.5643	0.6730	-0.7396
L	-5.2726	0.2831	1477010455800000	-5.2312	0.2884	0.7604	-0.6495
R	5.0737	3.1326	-0.9912	1477010456200000	-4.9097	0.0509	0.8358	-0.5490
L	-4.5746	-0.2276	1477010456600000	-4.5609	-0.1444	0.8980	-0.4400
R	4.1149	-3.0746	-1.0590	1477010457000000	-4.1904	-0.2945	0.9461	-0.3239
L	-4.0577	-0.6567	1477010457400000	-3.8040	-0.3970	0.9792	-0.2028
R	3.7183	-3.0718	-0.9711	1477010457800000	-3.4079	-0.4502	0.9969	-0.0785
L	-2.9691	-0.1715	1477010458200000	-3.0081	-0.4533	0.9989	0.0471
R	3.0535	-3.0018	-1.3682	1477010458600000	-2.6112	-0.4063	0.9851	0.1719
L	-2.1292	-0.2581	1477010459000000	-2.2232	-0.3100	0.9558	0.2940
R	1.6377	-3.0906	-1.3097	1477010459400000	-1.8504	-0.1657	0.9114	0.4115
L	-1.4735	0.0036	1477010459800000	-1.4986	0.0241	0.8527	0.5225
R	1.0885	2.9410	-0.8038	1477010460200000	-1.1734	0.2565	0.7804	0.6252
L	-0.6303	0.6168	1477010460600000	-0.8798	0.5278	0.6959	0.7181
R	0.9497	2.1668	0.1150	1477010461000000	-0.6226	0.8338	0.6004	0.7997
L	-0.4786	1.3370	1477010461400000	-0.4058	1.1697	0.4955	0.8686
R	2.0714	1.7103	0.9451	1477010461800000	-0.2327	1.5300	0.3827	0.9239
L	-0.0778	1.8903	1477010462200000	-0.1062	1.9092	0.2639	0.9645
R	2.1424	1.5904	1.3493	1477010462600000	-0.0282	2.3013	0.1409	0.9900
L	0.3350	2.9623	1477010463000000	0.0000	2.7000	0.0157	0.9999
R	3.2381	1.5612	1.1210	1477010463400000	0.0110	3.0997	0.0785	0.9969
L	0.1450	3.4280	1477010463800000	0.0704	3.4949	0.2028	0.9792
R	3.6808	1.5234	1.2383	1477010464200000	0.1789	3.8797	0.3240	0.9461
L	0.4528	4.2254	1477010464600000	0.3348	4.2478	0.4400	0.8980
R	4.4388	1.4194	1.0020	1477010465000000	0.5356	4.5934	0.5491	0.8358
L	0.7789	4.7913	1477010465400000	0.7781	4.9112	0.6495	0.7604
R	5.2829	1.3591	0.7349	1477010465800000	1.0585	5.1961	0.7397	0.6730
L	1.2863	5.2988	1477010466200000	1.3724	5.4436	0.8182	0.5750
R	5.9749	1.2733	0.1016	1477010466600000	1.7149	5.6497	0.8838	0.4679
L	2.1421	5.9278	1477010467000000	2.0805	5.8114	0.9355	0.3534
R	6.4201	1.2014	0.6847	1477010467400000	2.4635	5.9259	0.9724	0.2334
L	2.6508	6.1066	1477010467800000	2.8578	5.9915	0.9940	0.1097
R	7.4277	1.0408	0.3193	1477010468200000	3.2572	6.0072	0.9999	-0.0157
L	3.5095	5.8440	1477010468600000	3.6555	5.9727	0.9900	-0.1409
R	7.6260	0.9855	-0.2660	1477010469000000	4.0463	5.8886	0.9646	-0.2639
L	4.2604	5.9533	1477010469400000	4.4234	5.7562	0.9239	-0.3827
R	7.2200	0.8586	0.6687	1477010469800000	4.7810	5.5775	0.8686	-0.4955
L	5.1023	5.3917	1477010470200000	5.1134	5.3554	0.7997	-0.6004
R	7.4184	0.7757	0.1723	1477010470600000	5.4153	5.0934	0.7181	-0.6959
L	5.7057	4.7199	1477010471000000	5.6820	4.7956	0.6252	-0.7804
R	6.7406	0.7145	0.1242	1477010471400000	5.9093	4.4668	0.5225	-0.8527
L	5.9390	4.1052	1477010471800000	6.0936	4.1121	0.4115	-0.9114
R	6.6565	0.5306	-0.4133	1477010472200000	6.2319	3.7370	0.2940	-0.9558
L	6.1215	3.5360	1477010472600000	6.3222	3.3476	0.1719	-0.9851
R	6.5650	0.3976	-0.3580	1477010473000000	6.3629	2.9500	0.0471	-0.9989
L	6.2495	2.4093	1477010473400000	6.3535	2.5503	-0.0785	-0.9969
R	6.6608	0.3974	-0.8991	1477010473800000	6.2941	2.1550	-0.2028	-0.9792
L	6.2042	1.7983	1477010474200000	6.1856	1.7703	-0.3239	-0.9461
R	5.7008	0.2259	-1.2564	1477010474600000	6.0297	1.4022	-0.4400	-0.8980
L	5.9627	1.0775	1477010475000000	5.8289	1.0565	-0.5490	-0.8358
R	5.4556	0.1137	-0.6626	1477010475400000	5.5864	0.7388	-0.6495	-0.7604
L	5.3865	0.2643	1477010475800000	5.3060	0.4539	-0.7396	-0.6730
R	4.8928	0.0749	-0.9995	1477010476200000	4.9920	0.2064	-0.8182	-0.5750
L	4.6798	0.0846	1477010476600000	4.6496	0.0002	-0.8838	-0.4679
R	4.3357	-0.0396	-1.2927	1477010477000000	4.2840	-0.1614	-0.9354	-0.3535
L	3.9809	-0.3785	1477010477400000	3.9010	-0.2759	-0.9724	-0.2334
R	2.9645	-0.1097	-0.8738	1477010477800000	3.5067	-0.3416	-0.9940	-0.1097
L	3.0839	-0.4422	1477010478200000	3.1072	-0.3573	-0.9999	0.0157
R	2.7622	-0.1016	-0.9971	1477010478600000	2.7090	-0.3228	-0.9900	0.1409
L	2.4402	-0.2113	1477010479000000	2.3182	-0.2386	-0.9646	0.2639
R	2.2732	-0.0415	-0.4728	1477010479400000	1.9410	-0.1062	-0.9239	0.3827
L	1.7974	0.3236	1477010479800000	1.5835	0.0725	-0.8686	0.4955
R	1.2490	0.2137	-0.5631	1477010480200000	1.2511	0.2946	-0.7997	0.6004
L	0.8725	0.4495	1477010480600000	0.9492	0.5566	-0.7181	0.6959
R	1.2789	0.9595	-0.1262	1477010481000000	0.6825	0.8543	-0.6252	0.7804
L	0.5267	1.1895	1477010481400000	0.4552	1.1832	-0.5225	0.8526
R	2.0211	1.4200	0.6760	1477010481800000	0.2709	1.5379	-0.4115	0.9114
L	0.3405	2.0384	1477010482200000	0.1326	1.9129	-0.2940	0.9558
R	1.9942	1.5418	1.0486	1477010482600000	0.0423	2.3024	-0.1719	0.9851
L	0.1674	2.8965	1477010483000000	0.0016	2.7000	-0.0471	0.9989
